id;field_name;is_filled;check_date
1;besides;false;2026-02-21
2;after until deform;true;2026-02-21
3;petticoat;false;2026-02-22
4;scarcely drat lobotomise;false;2026-02-21
5;incidentally second-hand icebreaker;false;2026-02-21
6;whoever along suspension;false;2026-02-22
7;forenenst amongst;true;2026-02-22
8;publicize;false;2026-02-22
9;good;false;2026-02-22
10;and;false;2026-02-21
